iteration	method	agents	neighbour	tax_rate	gini_coefficient	dd	ds	pa	tr	cy
1	winner_loser	10	10	0.1	0.43	17	25	18	38	1
5	winner_loser	10	10	0.1	0.48	18	20	19	16	0
10	winner_loser	10	10	0.1	0.49	22	23	10	20	1
20	winner_loser	10	10	0.1	0.52	33	36	1	11	0
1	winner_loser	20	20	0.1	0.36	94	146	119	88	8
5	winner_loser	20	20	0.1	0.57	183	119	79	91	0
10	winner_loser	20	20	0.1	0.53	158	161	75	90	0
20	winner_loser	20	20	0.1	0.43	122	162	71	54	1
1	winner_loser	50	20	0.1	0.34	268	402	280	118	6
5	winner_loser	50	20	0.1	0.53	557	551	303	179	4
10	winner_loser	50	20	0.1	0.56	537	593	266	205	1
20	winner_loser	50	20	0.1	0.5	622	591	248	159	0
1	winner_loser	100	20	0.1	0.39	533	744	537	200	11
5	winner_loser	100	20	0.1	0.51	880	1055	652	365	8
10	winner_loser	100	20	0.1	0.54	1024	1004	589	367	3
20	winner_loser	100	20	0.1	0.51	966	1139	502	365	8
1	winner_loser	200	20	0.1	0.39	1142	1441	1206	417	26
5	winner_loser	200	20	0.1	0.51	1973	2203	1133	728	8
10	winner_loser	200	20	0.1	0.51	1985	2195	1141	727	11
20	winner_loser	200	20	0.1	0.51	2014	2194	1014	692	2
1	null	10	10	0.1	0.26	14	8	7	5	0
5	null	10	10	0.1	0.25	7	13	22	15	3
10	null	10	10	0.1	0.35	11	11	21	3	1
20	null	10	10	0.1	0.3	9	9	25	5	4
1	null	50	20	0.1	0.27	187	171	366	53	17
5	null	50	20	0.1	0.26	109	116	273	26	9
10	null	50	20	0.1	0.22	144	139	300	37	10
20	null	50	20	0.1	0.26	159	162	325	52	17
1	null	100	20	0.1	0.24	340	335	649	82	24
5	null	100	20	0.1	0.21	318	310	572	65	24
10	null	100	20	0.1	0.2	292	280	607	74	25
20	null	100	20	0.1	0.22	311	334	649	86	29
1	null	200	20	0.1	0.19	638	672	1243	181	57
5	null	200	20	0.1	0.2	648	653	1350	167	61
10	null	200	20	0.1	0.24	576	583	1029	138	40
20	null	200	20	0.1	0.2	615	634	1221	176	60
1	null	20	20	0.1	0.16	47	42	91	15	3
5	null	20	20	0.1	0.24	40	54	91	22	6
10	null	20	20	0.1	0.31	40	36	77	10	4
20	null	20	20	0.1	0.24	48	41	94	24	6
