iteration	method	agents	neighbour	tax_rate	gini_coefficient	dd	ds	pa	tr	cy
1	winner_loser	10	10	0.1	0.39	11	29	10	17	2
5	winner_loser	10	10	0.1	0.49	18	27	8	32	0
10	winner_loser	10	10	0.1	0.53	28	23	10	30	1
20	winner_loser	10	10	0.1	0.59	8	28	6	46	0
1	winner_loser	20	20	0.1	0.42	100	125	102	67	2
5	winner_loser	20	20	0.1	0.44	101	175	79	74	0
10	winner_loser	20	20	0.1	0.56	128	133	73	58	1
20	winner_loser	20	20	0.1	0.5	137	179	75	86	0
1	winner_loser	50	20	0.1	0.36	294	378	375	105	10
5	winner_loser	50	20	0.1	0.5	521	619	228	203	0
10	winner_loser	50	20	0.1	0.52	562	619	270	167	0
20	winner_loser	50	20	0.1	0.5	413	494	290	163	0
1	winner_loser	100	20	0.1	0.39	541	769	562	170	6
5	winner_loser	100	20	0.1	0.5	954	1143	515	328	2
10	winner_loser	100	20	0.1	0.53	1081	1053	689	408	5
20	winner_loser	100	20	0.1	0.49	942	1026	597	389	4
1	winner_loser	200	20	0.1	0.37	1102	1411	1223	401	14
5	winner_loser	200	20	0.1	0.52	1902	2000	1225	691	11
10	winner_loser	200	20	0.1	0.52	2072	2379	1215	858	6
20	winner_loser	200	20	0.1	0.51	1924	2166	1156	732	16
1	null	10	10	0.1	0.33	12	6	16	6	4
5	null	10	10	0.1	0.33	7	10	19	6	3
10	null	10	10	0.1	0.33	5	4	11	0	2
20	null	10	10	0.1	0.48	4	4	12	4	0
1	null	20	20	0.1	0.3	49	55	92	17	4
5	null	20	20	0.1	0.23	43	48	94	22	7
10	null	20	20	0.1	0.31	26	36	60	14	7
20	null	20	20	0.1	0.28	48	46	132	23	4
1	null	50	20	0.1	0.16	147	160	340	48	14
5	null	50	20	0.1	0.22	134	136	290	24	13
10	null	50	20	0.1	0.24	131	122	292	40	10
20	null	50	20	0.1	0.23	177	176	315	32	10
1	null	100	20	0.1	0.26	316	280	598	95	28
5	null	100	20	0.1	0.21	336	357	703	81	28
10	null	100	20	0.1	0.19	284	279	536	57	24
20	null	100	20	0.1	0.23	300	308	567	82	30
1	null	200	20	0.1	0.22	655	635	1316	160	61
5	null	200	20	0.1	0.19	581	626	1244	146	47
10	null	200	20	0.1	0.2	614	584	1125	129	46
20	null	200	20	0.1	0.21	637	605	1190	141	44
