iteration	method	agents	neighbour	tax_rate	gini_coefficient	dd	ds	pa	tr	cy
1	winner_loser	10	10	0.1	0.39	9	26	10	20	1
5	winner_loser	10	10	0.1	0.64	24	20	12	30	0
10	winner_loser	10	10	0.1	0.42	8	28	16	28	0
20	winner_loser	10	10	0.1	0.44	13	29	12	31	0
1	winner_loser	20	20	0.1	0.4	97	122	87	58	4
5	winner_loser	20	20	0.1	0.5	138	155	87	94	1
10	winner_loser	20	20	0.1	0.51	165	169	108	111	0
20	winner_loser	20	20	0.1	0.53	169	160	86	116	1
1	winner_loser	50	20	0.1	0.38	314	406	287	116	14
5	winner_loser	50	20	0.1	0.48	475	553	305	197	1
10	winner_loser	50	20	0.1	0.5	451	521	338	189	1
20	winner_loser	50	20	0.1	0.49	441	542	319	217	2
1	winner_loser	100	20	0.1	0.36	513	815	574	192	14
5	winner_loser	100	20	0.1	0.52	982	1058	634	428	5
10	winner_loser	100	20	0.1	0.52	975	1086	565	369	5
20	winner_loser	100	20	0.1	0.5	946	1113	591	362	7
1	winner_loser	200	20	0.1	0.38	1112	1557	1084	399	24
5	winner_loser	200	20	0.1	0.5	1907	2206	1111	814	15
10	winner_loser	200	20	0.1	0.52	1890	2136	1095	685	10
20	winner_loser	200	20	0.1	0.54	2038	2184	1133	784	13
1	null	10	10	0.1	0.18	5	8	8	4	0
5	null	10	10	0.1	0.4	9	8	15	9	2
10	null	10	10	0.1	0.43	17	10	31	10	3
20	null	10	10	0.1	0.19	3	8	12	4	1
1	null	20	20	0.1	0.21	48	61	98	23	9
5	null	20	20	0.1	0.24	42	50	99	12	4
10	null	20	20	0.1	0.24	35	30	84	10	3
20	null	20	20	0.1	0.24	48	54	110	26	14
1	null	50	20	0.1	0.26	166	159	319	40	11
5	null	50	20	0.1	0.33	126	138	279	42	10
10	null	50	20	0.1	0.17	134	145	270	28	8
20	null	50	20	0.1	0.19	171	176	373	50	15
1	null	100	20	0.1	0.26	327	324	669	72	24
5	null	100	20	0.1	0.28	233	250	531	57	19
10	null	100	20	0.1	0.22	340	311	644	85	25
20	null	100	20	0.1	0.19	318	311	624	71	32
1	null	200	20	0.1	0.17	523	570	1183	134	43
5	null	200	20	0.1	0.19	609	601	1235	159	58
10	null	200	20	0.1	0.19	621	579	1221	102	54
20	null	200	20	0.1	0.23	571	495	1065	108	32
