iteration	method	agents	neighbour	tax_rate	gini_coefficient	dd	ds	pa	tr	cy
1	winner_loser	10	10	0.1	0.3	16	24	7	10	0
5	winner_loser	10	10	0.1	0.47	18	17	18	45	1
10	winner_loser	10	10	0.1	0.52	36	25	8	25	0
20	winner_loser	10	10	0.1	0.55	10	28	14	32	0
1	winner_loser	20	20	0.1	0.47	140	145	111	94	1
5	winner_loser	20	20	0.1	0.47	128	167	56	70	1
10	winner_loser	20	20	0.1	0.54	192	148	76	82	0
20	winner_loser	20	20	0.1	0.43	101	163	93	85	1
1	winner_loser	50	20	0.1	0.4	313	432	269	115	2
5	winner_loser	50	20	0.1	0.52	480	498	300	148	0
10	winner_loser	50	20	0.1	0.5	436	455	291	160	1
20	winner_loser	50	20	0.1	0.5	510	565	276	160	0
1	winner_loser	100	20	0.1	0.38	540	781	464	183	3
5	winner_loser	100	20	0.1	0.53	994	1147	539	387	1
10	winner_loser	100	20	0.1	0.53	1034	1095	587	332	0
20	winner_loser	100	20	0.1	0.51	925	959	629	345	11
1	winner_loser	200	20	0.1	0.41	1213	1590	1333	469	28
5	winner_loser	200	20	0.1	0.49	1743	2050	1082	663	5
10	winner_loser	200	20	0.1	0.51	1855	2004	1157	718	10
20	winner_loser	200	20	0.1	0.52	1981	2082	1150	809	11
1	null	10	10	0.1	0.66	8	6	18	7	2
5	null	10	10	0.1	0.19	7	8	11	1	0
10	null	10	10	0.1	0.17	7	8	30	9	3
20	null	10	10	0.1	0.28	8	10	8	3	0
1	null	20	20	0.1	0.34	61	61	145	30	10
5	null	20	20	0.1	0.29	56	65	134	31	12
10	null	20	20	0.1	0.31	51	48	107	15	5
20	null	20	20	0.1	0.21	59	63	119	23	0
1	null	50	20	0.1	0.26	169	181	354	47	14
5	null	50	20	0.1	0.21	183	182	367	46	17
10	null	50	20	0.1	0.27	148	151	336	34	12
20	null	50	20	0.1	0.22	130	131	274	30	9
1	null	100	20	0.1	0.19	343	345	712	89	26
5	null	100	20	0.1	0.19	280	310	668	81	22
10	null	100	20	0.1	0.24	342	358	595	57	33
20	null	100	20	0.1	0.2	280	305	512	61	22
1	null	200	20	0.1	0.24	665	677	1311	177	50
5	null	200	20	0.1	0.18	552	534	1190	124	34
10	null	200	20	0.1	0.19	533	529	1037	109	38
20	null	200	20	0.1	0.18	668	648	1336	175	53
